Sensor  Type    Status  dataset time            sign    abs.value
20      pres    17      0       1177391280      0           28.3
20      pres    17      1       1177391580      0           28.3
20      pres    17      2       1177391880      0           28.3
20      pres    17      3       1177392180      0           28.3
20      pres    17      4       1177392480      0           28.3
20      pres    17      5       1177392780      0           28.3
20      pres    17      6       1177393080      0           28.3
20      pres    17      7       1177393380      0           28.3
20      pres    17      8       1177393680      0           28.3
20      pres    17      9       1177393980      0           28.3
20      pres    17      10      1177394280      0           28.3
20      pres    17      11      1177394580      0           28.3
20      pres    17      12      1177394880      0           28.3
20      pres    17      13      1177395180      0           28.3
20      pres    17      14      1177395480      0           28.3
20      pres    17      15      1177395780      0           28.3
20      pres    17      16      1177396080      0           28.3
20      pres    17      17      1177396380      0           28.3
20      pres    17      18      1177396680      0           28.3
21      temp    17      0       1177391280      0           75.9
21      temp    17      1       1177391580      0           75.9
21      temp    17      2       1177391880      0           75.9
21      temp    17      3       1177392180      0           75.9
21      temp    17      4       1177392480      0           75.9
21      temp    17      5       1177392780      0           75.9
21      temp    17      6       1177393080      0           75.9
21      temp    17      7       1177393380      0           75.9
21      temp    17      8       1177393680      0           75.9
21      temp    17      9       1177393980      0           75.9
21      temp    17      10      1177394280      0           75.9
21      temp    17      11      1177394580      0           75.9
21      temp    17      12      1177394880      0           75.9
21      temp    17      13      1177395180      0           75.9
21      temp    17      14      1177395480      0           75.9
21      temp    17      15      1177395780      0           75.9
21      temp    17      16      1177396080      0           75.9
21      temp    17      17      1177396380      0           75.9
21      temp    17      18      1177396680      0           75.9
22      hum     17      0       1177391280      0           30.0
22      hum     17      1       1177391580      0           30.0
22      hum     17      2       1177391880      0           30.0
22      hum     17      3       1177392180      0           30.0
22      hum     17      4       1177392480      0           30.0
22      hum     17      5       1177392780      0           30.0
22      hum     17      6       1177393080      0           30.0
22      hum     17      7       1177393380      0           31.0
22      hum     17      8       1177393680      0           31.0
22      hum     17      9       1177393980      0           31.0
22      hum     17      10      1177394280      0           31.0
22      hum     17      11      1177394580      0           31.0
22      hum     17      12      1177394880      0           31.0
22      hum     17      13      1177395180      0           31.0
22      hum     17      14      1177395480      0           31.0
22      hum     17      15      1177395780      0           31.0
22      hum     17      16      1177396080      0           32.0
22      hum     17      17      1177396380      0           32.0
22      hum     17      18      1177396680      0           32.0
34      pres    45      0       0       0            0.0
34      pres    45      1       0       0            0.0
34      pres    45      2       0       0            0.0
34      pres    45      3       0       0            0.0
34      pres    45      4       0       0            0.0
34      pres    45      5       0       0            0.0
34      pres    45      6       0       0            0.0
34      pres    45      7       0       0            0.0
34      pres    45      8       0       0            0.0
34      pres    45      9       0       0            0.0
34      pres    45      10      0       0            0.0
34      pres    45      11      0       0            0.0
34      pres    45      12      0       0            0.0
34      pres    45      13      0       0            0.0
34      pres    45      14      0       0            0.0
34      pres    45      15      0       0            0.0
34      pres    45      16      0       0            0.0
34      pres    45      17      0       0            0.0
34      pres    45      18      0       0            0.0
35      temp    45      0       0       0            0.0
35      temp    45      1       0       0            0.0
35      temp    45      2       0       0            0.0
35      temp    45      3       0       0            0.0
35      temp    45      4       0       0            0.0
35      temp    45      5       0       0            0.0
35      temp    45      6       0       0            0.0
35      temp    45      7       0       0            0.0
35      temp    45      8       0       0            0.0
35      temp    45      9       0       0            0.0
35      temp    45      10      0       0            0.0
35      temp    45      11      0       0            0.0
35      temp    45      12      0       0            0.0
35      temp    45      13      0       0            0.0
35      temp    45      14      0       0            0.0
35      temp    45      15      0       0            0.0
35      temp    45      16      0       0            0.0
35      temp    45      17      0       0            0.0
35      temp    45      18      0       0            0.0
