#FIG 3.2
Landscape
Center
Inches
Letter  
100.00
Single
-2
1200 2
2 3 0 1 0 7 50 0 -1 0.000 0 0 -1 0 0 3
	 1500 2625 4725 2625 1500 2625
2 2 0 1 0 7 50 0 -1 0.000 0 0 -1 0 0 5
	 2250 1350 3975 1350 3975 2100 2250 2100 2250 1350
2 2 0 1 0 7 50 0 -1 0.000 0 0 -1 0 0 5
	 2250 3150 3975 3150 3975 3900 2250 3900 2250 3150
2 2 0 1 0 7 50 0 -1 0.000 0 0 -1 0 0 5
	 2325 6450 3900 6450 3900 6900 2325 6900 2325 6450
2 1 0 1 0 7 50 0 -1 0.000 0 0 -1 1 1 2
	1 1 1.00 60.00 120.00
	1 1 1.00 60.00 120.00
	 3075 2100 3075 3150
2 1 0 1 0 7 50 0 -1 0.000 0 0 -1 1 0 2
	1 1 1.00 60.00 120.00
	 2700 4350 2700 3900
2 2 0 1 0 7 50 0 -1 0.000 0 0 -1 0 0 5
	 2325 5325 3075 5325 3075 6225 2325 6225 2325 5325
2 2 0 1 0 7 50 0 -1 0.000 0 0 -1 0 0 5
	 3150 5325 3900 5325 3900 6225 3150 6225 3150 5325
2 1 0 1 0 7 50 0 -1 0.000 0 0 -1 1 0 2
	1 1 1.00 60.00 120.00
	 2700 6450 2700 6225
2 2 0 1 0 7 50 0 -1 0.000 0 0 -1 0 0 5
	 2325 4650 3900 4650 3900 5100 2325 5100 2325 4650
2 1 0 1 0 7 50 0 -1 0.000 0 0 -1 1 0 2
	1 1 1.00 60.00 120.00
	 2700 5325 2700 5100
2 1 0 1 0 7 50 0 -1 0.000 0 0 -1 0 1 2
	1 1 1.00 60.00 120.00
	 3525 5325 3525 5100
2 1 0 1 0 7 50 0 -1 0.000 0 0 -1 0 1 2
	1 1 1.00 60.00 120.00
	 3525 6450 3525 6225
2 1 0 1 0 7 50 0 -1 0.000 0 0 -1 0 1 2
	1 1 1.00 60.00 120.00
	 3450 4350 3450 3900
2 2 0 1 0 7 50 0 -1 0.000 0 0 -1 0 0 5
	 2250 4350 3975 4350 3975 6975 2250 6975 2250 4350
2 2 0 1 0 7 50 0 -1 0.000 0 0 -1 0 0 5
	 2250 7425 3975 7425 3975 8175 2250 8175 2250 7425
2 1 0 1 0 7 50 0 -1 0.000 0 0 -1 1 1 2
	1 1 1.00 60.00 120.00
	1 1 1.00 60.00 120.00
	 3075 6975 3075 7425
4 0 0 50 0 0 12 0.0000 4 135 825 4800 2475 user space\001
4 0 0 50 0 0 12 0.0000 4 180 960 4800 2925 kernel space\001
4 0 0 50 0 0 12 0.0000 4 180 375 2325 2025 input\001
4 0 0 50 0 0 12 0.0000 4 150 480 3450 2025 output\001
4 0 0 50 0 0 12 0.0000 4 135 1365 2475 3375 terminal functions\001
4 0 0 50 0 0 12 0.0000 4 180 630 2400 4875 c_clocal\001
4 0 0 50 0 0 12 0.0000 4 180 555 2400 6675 c_cflag\001
4 0 0 50 0 0 12 0.0000 4 180 555 3225 5625 c_oflag\001
4 0 0 50 0 0 12 0.0000 4 135 360 2400 5850 c_cc\001
4 0 0 50 0 0 12 0.0000 4 180 510 2400 5625 c_iflag\001
4 0 0 50 0 0 12 0.0000 4 135 975 2775 1575 user process\001
4 0 0 50 0 0 12 0.0000 4 135 1395 2400 4575 terminal attributes\001
4 0 0 50 0 0 12 0.0000 4 135 1635 2325 7650 terminal device driver\001
